0.644  0.018 -0.01 3.14 0 0
0.646 -0.091 -0.01 3.14 0 0
0.649 -0.201 -0.01 3.14 0 0
0.651 -0.311 -0.01 3.14 0 0
0.653 -0.421 -0.01 3.14 0 0
0.656 -0.531 -0.01 3.14 0 0
0.658 -0.642 -0.01 3.14 0 0
0.478 -0.642 -0.01 3.14 0 0
0.478 -0.531 -0.01 3.14 0 0
0.478 -0.421 -0.01 3.14 0 0
0.478 -0.311 -0.01 3.14 0 0
0.478 -0.201 -0.01 3.14 0 0
0.478 -0.091 -0.01 3.14 0 0
0.478  0.018 -0.01 3.14 0 0
0.312  0.018 -0.01 3.14 0 0
0.312 -0.091 -0.01 3.14 0 0
0.312 -0.201 -0.01 3.14 0 0
0.312 -0.311 -0.01 3.14 0 0
0.312 -0.421 -0.01 3.14 0 0
0.312 -0.531 -0.01 3.14 0 0
0.312 -0.642 -0.01 3.14 0 0
0.215 -0.642 -0.01 3.14 0 0
0.215 -0.542 -0.01 3.14 0 0
0.215 -0.442 -0.01 3.14 0 0
0.215 -0.342 -0.01 3.14 0 0
0.215 -0.229 -0.01 3.14 0 0
0.215 -0.374 -0.01 3.14 0 0
0.180 -0.374 -0.01 3.14 0 0 
0.180 -0.450 -0.01 3.14 0 0 
0.180 -0.550 -0.01 3.14 0 0 
0.180 -0.642 -0.01 3.14 0 0
